time,cognitive score,focus,chill,stress,self-control,anger,relaxation index,concentration index,fatigue score,reverse fatigue,alpha gravity,heart rate
2026-02-19 14:46,61,33,54,52,72,26,4.72,0.39,7.58,0.13,0.86,75
2026-02-19 14:47,14,49,30,74,56,44,1.95,0.70,4.73,0.21,0.28,83
2026-02-19 14:48,11,72,38,69,47,60,1.60,0.79,3.69,0.27,0.25,74
2026-02-19 14:49,14,43,49,60,60,45,1.81,0.79,4.48,0.22,0.28,84
2026-02-19 14:50,16,58,48,62,53,55,1.50,0.88,3.19,0.31,0.31,99
2026-02-19 14:51,15,40,62,48,56,25,2.72,0.60,7.50,0.13,0.24,104
2026-02-19 14:52,14,43,64,46,73,31,2.37,0.54,6.14,0.16,0.24,94
2026-02-19 14:53,20,55,36,72,53,48,1.91,0.64,5.11,0.20,0.30,98
2026-02-19 14:54,19,51,59,50,63,39,1.93,0.66,5.09,0.20,0.28,97
2026-02-19 14:55,27,70,26,83,28,74,1.09,1.07,2.76,0.36,0.36,100
2026-02-19 14:56,20,43,50,60,62,44,1.75,0.73,4.32,0.23,0.23,90
2026-02-19 14:57,36,58,57,49,63,46,1.43,0.79,3.36,0.30,0.37,95
2026-02-19 14:58,45,50,48,62,58,50,1.70,0.70,4.05,0.25,0.45,104
2026-02-19 14:59,30,63,36,72,47,54,1.87,0.72,4.56,0.22,0.33,92
2026-02-19 15:00,44,57,53,52,52,48,1.34,0.89,3.49,0.29,0.39,108
2026-02-19 15:01,27,58,58,51,65,42,1.43,0.86,3.42,0.29,0.30,104
2026-02-19 15:02,24,48,39,71,52,52,1.47,0.93,4.03,0.25,0.30,105
2026-02-19 15:03,58,70,47,52,36,73,0.93,1.17,1.81,0.55,0.46,102
2026-02-19 15:04,29,61,36,74,57,48,1.22,1.06,3.30,0.30,0.37,99
2026-02-19 15:05,14,34,74,36,70,27,2.52,0.50,6.26,0.16,0.28,76
2026-02-19 15:06,28,62,45,65,46,53,1.76,0.66,4.21,0.24,0.37,70
2026-02-19 15:07,21,38,57,53,65,34,2.46,0.53,7.28,0.14,0.29,70
2026-02-19 15:08,36,47,50,60,52,54,1.89,0.66,4.58,0.22,0.32,72
2026-02-19 15:09,27,33,49,61,68,40,2.39,0.57,5.42,0.18,0.30,72
2026-02-19 15:10,29,54,53,57,65,40,1.97,0.59,5.00,0.20,0.29,78
2026-02-19 15:11,38,43,39,71,67,37,2.21,0.67,6.69,0.15,0.32,75